806

784

796

836

862

871

870

870

872

877

879

869

850

814

918

922

923

900

860

924

869

922

898

884

908

921

894

925

889

881

918

915

938

925

904

924

934

948

968

953

962

952

949

970

954

966

958

978

976

966

973

971

977

980

986

976

976

970

954

980

979

975

974

980

990

985

942

991

988

992

982

977

981

981

978

981

977

950

983

984

973

974

953

963

955

958

954

957

951

940

940

916

914

894

882

907

903

795

834

718

737

645

690

633

293

589

392

324

364

180

296

268

198

241

278

124

53

46

44

45

47

45

46

45

44

45

43

44

44

45

41

45

42

44

46

49

47

61

41

488

635

39

45

44

44

43

44

46

44

45

45

45

44

43

44

44

44

44

44

44

46

47

45

43

44

42

44

44

43

44

44

41

44

210

53

46

46

44

43

44

43

44

44

45

43

44

45

44

43

45

43

44

43

43

44

41

101

42

44

45

41

44

43

43

42

44

45

42

44

45

43

44

45

42

43

46

43

44

44

44

44

44

44

45

44

46

44

43

44

48

44

44

43

47

42

41

42

43

351

39

47

47

53

43

45

45

43

50

44

45

171

46

49

48

49

47

52

47

50

50

52

50

49

48

57

47

50

48

48

47

48

53

60

60

51

55

53

56

66

84

48

57

52

56

108

138

137

95

416

488

393

381

354

492

145

136

165

86

226

217

306

141

286

95

97

90

99

54

55

52

90

60

139

63

186

64

97

131

209

174

80

121

156

160

83

122

100

91

160

118

151

112

263

280

196

522

374

317

430

433

81

166

160

128

120

203

170

64

175

123

117

113

57

55

59

81

92

77

109

58

112

66

53

50

52

799

802

85

190

69

50

549

47

84

53

61

151

149

235

59

98

269

52

53

178

749

334

737

760

458

486

464

276

184

574

144

53

548

234

482

528

481

490

545

523

539

603

576

683

623

701

582

731

814

699

712

820

878

815

764

776

753

867

829

852

844

846

848

769

779

842

860

830

883

916

930

887

784

871

851

892

915

869

910

883

902

890

927

922

864

908

889

907

914

910

903

938

931

932

905

942

936

948

957

958

968

941

946

955

967

969

950

975

978

974

970

965

981

978

977

985

967

976

973

985

974

983

968

972

989

986

961

987

988

992

983

970

978

978

980

981

975

914

984

983

969

972

958

959

948

956

948

956

948

938

945

912

900

880

850

901

872

846

790

670

647

617

585

561

285

525

274

273

275

143

262

236

196

222

244

93

49

49

45

45

46

48

46

46

44

45

44

45

45

44

42

43

42

44

45

43

40

74

36

387

221

37

42

46

45

43

43

43

42

42

43

43

43

42

44

43

43

43

44

44

43

42

43

44

44

44

45

45

43

44

46

41

43

179

40

41

42

44

42

43

42

43

43

43

44

43

44

44

43

44

45

42

44

43

43

39

93

40

41

45

43

47

44

45

44

45

48

42

44

46

43

44

40

51

46

45

44

43

44

44

44

45

45

48

48

46

44

50

44

47

46

44

45

46

46

41

43

42

45

66

37

47

50

47

46

45

45

44

50

45

47

215

46

49

47

48

48

52

49

52

56

52

53

49

48

51

49

50

49

50

51

48

54

53

52

52

50

56

64

69

118

85

80

53

59

168

176

101

169

460

417

550

423

385

302

160

63

152

230

270

304

142

339

77

123

79

182

67

68

77

75

58

92

60

191

165

159

147

70

211

92

170

123

130

77

104

185

134

168

146

155

119

268

186

76

539

244

185

638

402

137

69

123

168

72

231

175

63

170

137

72

71

116

115

58

86

92

82

79

63

68

63

57

52

50

55

821

743

78

158

56

44

451

47

133

134

77

55

187

53

60

148

75

54

236

643

459

766

889

245

534

669

368

56

135

542

164

50

604

240

485

528

480

481

557

518

598

599

604

696

626

700

645

703

790

700

700

787

869

813

783

736

763

798

821

863

873

860

861

794

723

825

872

845

916

895

938

899

810

869

819

873

895

874

912

886

911

887

926

923

857

906

885

905

908

912

903

939

931

933

913

944

939

951

960

959

968

943

949

956

969

970

952

978

980

975

970

965

982

979

977

984

968

976

972

983

973

982

967

974

989

987

960

988

989

993

983

974

979

979

980

980

976

927

984

986

974

974

963

961

955

961

953

959

953

951

955

927

920

892

893

912

919

885

874

869

794

795

821

864

743

728

627

603

584

538

471

610

413

289

395

335

259

108

48

45

43

49

44

44

45

45

44

43

44

43

42

46

45

46

47

42

55

46

192

522

354

44

45

43

44

44

45

44

45

44

44

44

43

45

43

43

43

43

44

45

46

44

44

44

42

44

44

43

44

44

42

43

53

62

46

45

43

44

44

44

43

42

43

42

43

44

44

44

45

42

43

44

44

44

42

48

42

42

46

43

43

43

42

43

44

45

41

43

44

42

45

42

50

42

45

46

43

44

42

45

43

44

46

46

45

45

46

43

44

48

44

45

43

47

42

41

42

43

400

39

47

47

53

42

45

45

42

50

44

45

81

43

46

48

47

45

48

46

48

52

50

50

47

49

48

48

49

48

47

47

46

50

50

55

56

50

60

53

55

103

52

57

53

59

65

177

203

55

225

470

341

562

421

406

235

133

67

116

218

264

300

149

328

92

106

56

171

56

55

53

88

60

141

63

204

74

119

108

139

208

82

161

129

121

122

151

123

178

185

160

232

225

220

97

257

541

166

41

650

212

90

80

111

168

76

295

163

62

178

155

69

75

119

109

58

80

83

80

74

72

68

64

58

52

51

57

819

756

74

160

58

46

498

46

115

102

113

50

182

63

62

203

57

55

412

784

671

694

906

175

705

678

67

57

105

545

139

50

594

246

489

529

487

484

553

521

592

601

610

697

629

699

675

677

774

711

703

764

872

785

765

715

783

775

812

900

877

803

826

786

739

839

805

867

867

932

936

908

857

840

839

920

923

925

898

870

919

873

917

899

886

909

926

893

927

886

891

920

910

941

923

916

933

944

953

969

953

963

954

957

974

959

970

960

982

980

969

976

973

980

982

986

981

977

971

963

979

981

977

975

983

990

985

944

991

988

993

982

979

981

983

979

980

978

959

984

988

979

981

964

966

966

968

958

963

960

954

954

932

932

901

906

913

916

893

916

862

845

821

884

898

859

793

703

643

671

664

583

649

544

476

492

295

346

115

50

45

43

49

45

43

46

45

44

43

45

44

42

47

45

46

46

44

52

47

113

560

398

43

44

43

44

44

44

47

45

44

43

44

43

44

42

43

43

43

43

44

46

46

44

43

43

42

43

44

44

44

43

42

42

270

46

44

44

44

43

45

43

43

44

44

43

44

44

44

44

44

43

44

43

43

43

39

134

43

45

43

42

43

42

42

41

45

45

42

43

44

45

44

47

41

44

45

44

43

43

44

43

44

46

46

44

44

47

43

45

46

43

45

44

46

41

42

43

44

272

35

46

48

44

53

44

44

45

46

44

49

55

46

47

46

48

46

47

46

50

53

51

51

48

47

54

47

50

48

48

48

48

53

58

60

50

55

53

58

63

89

48

56

52

56

106

142

137

99

420

480

402

388

367

494

178

147

161

118

280

156

201

257

170

137

133

177

77

61

141

85

57

68

62

203

155

154

146

69

200

104

135

154

126

161

172

156

170

208

145

211

215

232

141

484

408

233

68

436

51

69

76

142

175

68

148

159

72

192

112

146

96

57

65

57

91

85

88

84

54

55

60

56

51

52

50

805

437

70

130

51

46

234

72

166

113

80

52

194

108

54

344

50

60

304

806

492

641

855

438

725

562

319

425

631

312

74

201

193

372

519

470

460

551

528

615

599

622

692

638

691

615

717

794

691

700

798

876

815

773

766

734

842

826

849

865

851

854

769

763

836

863

827

891

911

930

888

780

871

854

895

920

868

905

883

897

890

927

920

875

914

895

912

928

905

909

939

924

933

922

944

941

946

963

955

965

944

949

954

967

964

954

982

976

976

967

966

981

980

980

984

971

977

969

985

974

980

973

975

989

988

950

990

989

993

982

975

980

981

979

981

977

938

984

985

970

973

952

962

952

954

951

957

948

935

939

911

912

893

878

911

905

762

827

717

739

636

709

613

295

565

373

305

355

216

307

200

256

177

118

65

50

45

44

45

49

46

47

45

45

46

44

44

45

44

43

46

45

44

45

43

47

53

46

409

190

40

43

46

44

44

42

42

45

44

43

44

43

43

43

43

43

44

44

43

44

43

43

43

43

44

46

43

44

43

47

44

46

65

40

41

42

45

43

43

43

42

43

42

44

44

44

43

43

44

44

43

42

43

42

40

49

41

45

42

43

47

44

43

42

45

47

41

43

43

42

43

40

50

45

44

43

43

43

43

44

43

44

46

44

44

42

46

43

45

45

43

44

45

45

41

42

43

44

270

36

46

48

43

54

44

43

45

46

44

50

58

46

48

47

48

46

49

48

51

53

52

52

49

47

52

48

50

48

49

49

47

53

57

53

51

51

52

64

71

81

50

54

53

60

184

143

122

125

373

391

489

386

383

403

61

175

152

141

267

208

56

208

223

79

133

106

54

55

67

63

60

120

68

141

55

99

121

221

117

78

99

101

153

63

70

109

87

146

140

162

197

103

233

130

156

545

198

42

658

254

97

86

111

152

78

313

114

60

141

155

84

68

112

86

76

70

62

61

61

138

143

60

55

51

51

52

818

679

75

151

54

43

345

56

160

153

56

51

176

56

61

182

59

53

392

758

654

723

904

149

656

685

122

54

62

579

154

56

477

206

433

525

481

463

560

522

614

597

657

710

627

697

698

655

765

712

700

764

867

794

773

717

782

785

810

880

863

860

846

793

664

820

853

851

909

888

942

912

830

847

733

867

878

887

909

896

923

863

914

917

865

903

888

903

900

908

901

940

946

934

907

938

920

958

952

962

967

936

947

959

970

972

948

971

977

975

971

969

983

978

976

986

961

978

975

986

977

987

967

977

990

987

964

984

988

992

984

969

977

979

980

980

975

911

985

983

974

975

962

959

951

962

956

954

944

950

946

916

908

872

866

897

847

874

726

772

712

650

575

616

308

568

335

380

266

245

297

370

128

253

289

264

163

57

46

45

44

43

48

45

44

46

43

44

44

44

41

44

42

44

45

49

46

63

41

555

624

39

45

44

44

44

44

46

43

45

44

44

44

43

44

43

44

44

44

44

45

46

45

44

44

42

43

44

43

43

44

42

44

59

126

46

45

44

44

44

44

44

44

45

43

43

44

44

43

45

43

45

44

44

44

42

56

40

41

45

43

44

42

42

42

44

45

41

43

43

42

43

40

52

44

44

44

43

43

42

44

43

43

46

44

44

43

47

43

46

45

44

45

44

46

42

42

44

43

401

35

48

51

46

47

44

44

44

49

44

45

225

46

47

46

47

45

47

46

50

51

51

51

48

48

55

47

50

48

48

47

48

53

61

60

51

55

53

56

64

85

48

57

52

55

94

159

202

60

299

490

297

489

396

458

168

110

110

56

191

203

238

66

284

104

101

96

115

55

79

53

117

83

66

179

87

120

70

115

90

192

66

173

112

103

102

156

130

175

209

155

232

195

213

138

467

404

242

67

412

51

67

69

135

156

64

154

154

64

179

116

131

110

56

55

59

79

88

76

98

53

58

59

58

51

50

50

810

455

72

132

51

45

238

76

175

125

62

50

188

69

61

215

55

60

435

801

669

653

905

243

758

678

62

54

56

595

183

60

435

200

425

525

491

471

564

521

612

597

655

708

626

696

703

648

754

714

711

758

874

775

764

714

780

773

821

902

882

801

822

787

736

843

806

869

874

932

937

913

836

826

823

918

922

924

905

861

925

869

930

900

890

919

922

896

927

890

876

919

920

942

943

921

936

941

956

970

956

955

958

954

961

956

967

974

977

972

971

978

970

976

981

990

979

972

980

972

979

979

983

979

984

989

976

970

989

990

992

978

980

981

983

977

977

981

979

988

984

982

979

967

967

972

977

957

962

963

956

955

945

922

921

892

948

961

773

862

814

792

850

867

855

604

646

679

608

567

519

509

522

393

448

404

383

224

52

47

44

43

52

46

44

46

43

44

44

44

42

43

42

43

45

48

43

57

37

364

561

42

45

44

44

43

44

45

44

44

45

44

43

44

43

43

43

44

43

44

46

46

44

43

44

42

43

44

44

44

44

41

43

266

45

43

43

44

43

44

43

43

44

44

43

44

44

43

43

44

43

43

44

43

43

39

131

43

46

43

42

43

42

43

42

45

45

42

43

44

46

44

47

41

44

46

44

44

42

44

43

44

46

46

44

44

47

43

45

46

43

45

45

46

42

42

43

44

186

36

47

46

43

53

44

43

44

46

45

50

52

45

48

46

48

46

47

47

50

53

50

50

48

46

51

48

49

48

49

48

47

52

58

53

51

52

51

61

67

67

51

53

53

56

179

81

93

56

300

485

290

479

383

476

143

106

112

55

178

173

179

60

185

53

64

51

81

96

57

63

57

94

126

104

161

95

112

174

170

206

106

150

118

107

84

86

137

92

168

102

164

181

251

322

139

525

343

321

512

443

137

81

108

146

75

307

138

60

152

148

66

72

119

109

57

83

89

83

82

55

56

60

55

51

51

51

816

621

77

139

52

43

285

66

176

143

55

50

175

58

60

195

58

54

406

769

665

708

907

183

680

682

81

59

158

553

151

51

584

238

491

531

495

499

552

518

547

602

582

690

613

707

575

728

815

689

718

816

878

814

767

769

739

847

828

854

861

854

856

780

770

842

875

838

907

905

935

896

805

869

812

871

887

881

912

893

922

870

916

918

869

905

893

905

914

901

903

939

949

937

927

931

918

963

951

963

954

934

948

961

961

968

945

967

971

966

971

975

973

977

976

985

971

980

980

980

979

988

978

972

990

988

976

981

989

993

991

977

981

981

982

977

977

982

982

993

987

987

984

969

973

977

982

965

969

972

970

967

963

957

948

930

959

970

876

910

879

830

859

897

861

608

660

662

606

566

505

513

511

402

463

394

406

231

53

48

44

45

53

46

45

46

43

44

44

44

42

43

41

44

45

49

42

60

37

401

504

49

45

45

43

44

44

45

43

44

44

44

43

43

44

43

43

43

43

44

46

46

44

43

44

42

44

43

43

44

43

41

43

241

45

43

43

44

43

45

43

44

44

44

43

44

44

43

43

44

43

43

44

43

43

39

109

43

44

44

41

44

42

43

42

44

45

42

44

43

42

44

42

47

44

45

43

43

43

44

43

44

43

45

42

46

43

46

43

46

43

43

43

46

44

41

43

42

45

40

40

46

45

42

54

44

41

46

46

45

52

46

45

47

45

48

46

45

46

48

49

47

48

47

48

48

52

49

47

47

46

47

53

57

49

55

50

51

57

77

69

57

56

54

60

161

73

97

69

361

499

339

399

349

491

150

117

130

63

201

201

256

70

216

53

76

53

151

54

54

53

97

59

109

70

218

109

88

108

118

179

62

170

99

143

61

119

140

85

152

128

164

226

248

326

143

531

360

328

534

436

115

122

130

158

66

185

163

61

138

110

79

65

106

107

57

84

96

78

83

59

61

61

56

51

51

54

819

729

75

155

55

43

408

50

136

143

59

54

178

53

59

157

62

53

323

691

546

756

897

179

565

689

273

54

59

606

269

81

309

196

359

527

489

472

547

542

596

581

719

723

613

689

726

624

738

715

719

757

876

777

763

713

783

778

807

892

866

848

830

785

673

836

844

862

905

897

942

920

829

824

698

875

883

891

906

898

927

853

911

917

874

905

892

904

905

905

901

939

948

934

912

937

918

960

952

963

966

933

948

959

972

972

948

971

977

974

972

971

984

978

976

986

960

979

977

986

978

989

967

978

990

987

964

983

989

992

984

970

977

979

980

980

976

917

985

985

976

976

965

960

953

963

957

955

945

950

948

916

908

873

865

899

849

874

731

769

707

650

576

618

312

572

339

384

278

251

313

394

154

258

313

322

228

84

47

45

45

43

48

45

44

45

43

44

44

43

41

45

42

45

45

48

46

59

42

519

607

39

44

43

44

43

43

46

44

45

44

44

43

44

43

43

43

44

44

44

46

47

44

44

44

42

43

44

43

44

43

42

43

261

47

44

44

43

43

44

42

43

43

44

42

43

43

44

44

43

43

44

43

42

43

40

102

42

47

42

43

43

42

42

42

45

43

42

43

43

46

44

48

41

44

46

43

45

43

45

44

44

44

46

45

46

44

43

44

48

44

44

43

48

43

41

42

43

67

40

45

47

46

42

53

44

41

44

47

46

54

47

45

47

45

48

46

46

46

49

52

49

50

47

46

50

48

49

47

49

48

47

52

58

54

50

52

52

60

66

71

49

54

52

54

157

119

103

117

376

386

467

392

371

406

62

139

160

85

218

214

303

135

285

88

93

86

95

54

55

52

89

60

133

69

187

74

88

122

174

206

76

159

158

132

81

154

171

116

176

150

160

87

275

298

54

524

359

325

481

432

111

107

127

159

66

179

164

64

176

122

107

106

57

56

57

85

93

80

86

54

55

59

56

50

51

51

815

638

69

144

53

43

338

57

158

151

56

52

175

55

62

171

60

53

357

749

633

733

903

136

634

679

123

54

62

576

156

54

512

213

451

520

470

462

551

522

609

600

642

703

630

694

700

651

758

713

710

756

873

775

763

715

780

773

813

900

877

794

827

785

733

834

804

865

864

931

936

908

846

832

831

919

922

923

900

864

922

871

920

899

885

912

922

893

925

889

880

919

916

941

933

910

928

937

951

968

955

959

955

952

966

953

966

968

976

974

964

975

965

974

980

987

977

971

973

964

975

978

980

976

980

990

980

958

988

989

992

979

979

981

983

978

979

980

973

981

980

972

976

960

964

967

967

954

958

954

950

943

936

903

908

854

937

942

657

798

728

681

678

650

505

534

482

262

312

293

173

113

75

249

139

102

60

49

45

45

45

50

46

47

45

45

45

44

45

45

44

43

46

44

45

45

43

45

55

45

402

197

39

43

47

44

43

42

43

45

44

43

44

43

43

43

42

43

43

44

43

42

43

44

43

44

45

46

44

43

43

45

42

45

135

40

43

41

44

42

43

44

42

43

43

45

43

44

43

43

43

43

43

44

43

43

45

52

43

45

44

44

45

44

43

42

46

46

42

44

45

49

44

47

45

45

45

48

44

45

44

45

46

47

49

48

46

51

45

49

45

45

45

48

47

42

42

42

45

200

37

46

47

43

51

45

43

47

48

44

49

186

46

49

48

49

51

63

54

55

62

54

52

49

48

50

49

50

49

50

51

48

53

52

52

53

49

57

61

67

118

87

80

53

58

155

186

116

162

472

412

551

423

387

297

157

62

183

248

284

296

160

348

98

121

62

187

68

61

111

100

64

59

189

106

116

184

174

98

89

86

194

148

88

76

92

122

93

165

102

160

164

256

322

135

526

342

321

539

444

145

84

109

158

73

295

155

62

163

139

72

68

102

107

56

86

97

83

89

53

56

59

57

51

50

49

811

488

81

127

51

45

226

77

171

125

61

50

181

68

60

214

55

57

428

789

672

675

906

179

717

669

60

55

75

614

299

79

284

195

370

523

467

451

545

530

615

590

656

712

624

699

687

675

777

703

700

778

867

809

779

725

774

790

815

873

864

862

848

793

672

827

854

862

906

900

941

925

826

797

687

891

907

896

897

882

932

853

919

904

902

918

910

907

937

902

866

919

920

944

939

931

933

943

949

963

951

941

952

950

944

959

960

973

968

960

970

973

967

973

978

987

975

972

980

969

979

978

980

976

984

988

974

976

988

989

991

977

980

981

983

978

977

980

974

985

972

974

971

952

960

963

958

950

954

946

935

936

933

888

897

853

928

929

610

756

706

649

637

649

494

458

508

272

334

304

194

203

95

244

196

172

69

49

47

45

45

48

47

46

46

44

45

44

45

46

44

43

44

42

45

45

43

42

68

38

432

223

36

43

47

44

43

43

42

43

43

43

43

42

42

44

43

43

43

44

44

42

42

43

44

43

44

45

45

43

44

47

42

44

155

39

41

42

44

42

43

43

43

43

43

44

43

44

43

43

44

45

43

44

44

43

40

84

42

42

45

43

46

44

43

43

45

47

43

44

45

42

44

41

49

46

45

43

43

44

45

44

47

45

49

47

47

43

50

45

49

44

45

44

48

45

42

43

43

45

48

37

46

47

44

50

45

43

47

48

44

50

159

46

49

47

48

49

51

51

51

52

49

49

47

50

50

53

50

48

48

49

48

52

53

49

54

48

53

67

88

104

59

77

55

62

123

152

121

180

481

337

525

409

424

202

112

81

82

222

266

299

143

329

73

114

69

170

59

63

58

110

62

69

125

82

158

107

99

69

207

83

159

115

118

71

94

118

87

164

96

103

145

236

258

161

507

390

253

53

428

52

66

66

116

164

70

242

168

62

162

138

68

69

115

107

58

78

85

75

75

67

71

63

57

52

51

54

819

745

72

155

56

45

445

48

126

133

67

54

180

53

58

148

65

54

289

665

509

761

893

186

539

684

304

54

63

610

284

77

259

194

349

528

492

477

537

550

583

577

724

726

619

679

729

600

728

714

719

750

877

770

764

714

782

774

808

895

867

840

826

778

669

831

833

859

898

901

940

923

826

811

687

877

887

889

901

899

928

846

908

916

879

906

894

905

910

902

900

939

948

934

911

936

914

958

948

962

966

932

946

958

971

972

946

970

974

972

971

970

983

977

975

986

959

977

975

985

977

989

966

978

990

986

965

982

989

993

984

970

977

979

980

980

976

910

985

984

971

974

962

959

951

960

953

956

943

947

948

914

904

873

854

900

813

862

720

746

663

618

524

576

261

519

238

246

163

202

177

269

108

195

151

181

51

50

45

46

45

48

45

46

44

45

43

44

45

44

42

42

41

44

45

43

39

76

36

393

258

37

42

45

44

44

43

43

43

42

43

43

42

42

44

43

43

43

44

44

42

45

43

44

44

44

43

44

43

43

45

40

43

221

45

44

43

44

43

44

42

43

43

44

42

43

44

43

44

42

43

44

43

42

43

43

52

43

45

43

42

43

42

42

41

45

45

42

43

44

45

45

47

41

44

46

43

43

43

44

44

44

44

45

43

47

43

43

44

47

44

44

43

47

44

41

42

43

46

40

40

46

46

43

55

44

43

44

47

44

49

58

46

48

47

48

46

49

46

50

50

51

50

48

48

56

47

50

48

47

47

48

52

62

62

51

58

52

56

62

76

48

56

51

54

81

139

191

58

307

480

297

482

385

471

148

105

112

54

177

173

184

60

207

61

66

55

88

122

55

63

61

64

97

96

156

143

91

159

175

91

85

81

189

128

78

69

96

135

90

170

120

169

164

269

311

140

534

339

295

592

445

149

69

103

164

70

263

165

61

160

136

68

69

108

107

57

80

84

79

74

61

62

62

57

52

50

55

818

750

72

158

57

45

485

46

115

96

121

57

187

54

58

120

108

54

406

768

665

706

905

152

671

678

88

61

182

560

155

52

552

217

458

521

467

462

552

517

611

596

649

709

618

698

714

630

744

714

717

752

878

762

771

716

778

762

822

899

877

779

840

788

754

800

799

860

867

935

920

902

907

857

865

912

925

927

897

891

892

881

893

898

899

894

921

897

935

904

879

919

901

927

916

936

940

937

945

968

948

958

943

955

960

963

963

958

983

970

976

967

969

981

982

981

984

973

977

971

985

975

980

972

976

989

988

957

987

990

993

983

974

979

980

980

980

977

925

986

987

978

980

964

963

963

964

956

961

958

951

951

923

922

893

887

901

899

828

842

723

742

648

681

626

282

570

371

285

331

137

282

233

224

205

200

70

50

48

45

45

48

47

46

46

44

45

44

45

45

44

43

44

42

45

45

43

42

63

39

425

238

36

43

47

44

43

42

43

43

43

43

43

43

42

43

42

43

43

44

44

42

42

44

44

43

45

45

45

44

44

47

42

45

200

40

41

42

44

43

43

43

42

43

43

44

43

44

43

43

44

44

43

44

43

43

42

68

43

43

44

42

46

43

44

42

46

47

43

44

45

45

45

46

43

45

44

44

43

44

44

45

45

45

47

46

47

46

43

45

48

45

46

43

47

42

41

42

44

328

39

46

46

46

47

45

43

45

50

44

46

208

46

49

47

48

47

50

48

52

54

53

53

49

48

51

47

50

49

50

51

49

53

53

57

51

51

55

56

67

129

64

64

55

70

196

180

85

105

436

409

431

403

398

426

91

140

176

144

292

130

59

226

217

125

160

151

57

55

102

120

66

77

121

78

145

100

114

69

175

74

172

131

90

68

124

168

107

184

136

124

134

281

235

51

51