244
236
208
228
236
251
212
312
246
178
193
90
71
829
861
267
339
176
48
439
227
189
210
374
354
337
214
372
221
286
381
850
561
742
867
573
796
656
484
516
750
498
233
601
366
564
625
572
567
649
663
708
689
735
792
741
770
803
705
811
801
767
803
895
846
844
782
822
834
847
895
896
900
883
837
713
787
871
833
917
906
953
943
871
867
778
854
901
891
919
916
936
844
893
920
890
892
917
911
932
858
886
927
944
911
903
913
931
931
914
941
966
929
938
958
954
962
939
965
956
958
956
957
977
961
961
973
924
960
930
968
940
972
948
945
953
970
964
978
965
970
980
945
923
967
982
961
952
823
963
950
911
936
904
936
908
912
929
934
926
945
932
910
891
867
837
853
635
678
727
686
556
597
400
497
334
377
196
135
89
171
128
125
144
143
185
269
52
51
60
86
53
79
44
49
47
48
46
46
47
45
45
42
43
45
47
47
40
196
37
390
202
39
44
49
48
44
45
45
44
43
45
45
44
44
45
45
46
47
47
47
46
47
47
47
48
48
47
48
46
47
46
44
45
325
44
43
44
49
45
50
45
47
46
46
47
45
47
47
45
48
49
45
48
47
47
43
292
46
61
50
48
51
49
47
46
54
53
45
48
50
71
49
60
50
50
53
57
48
53
49
50
53
50
71
54
57
50
49
57
130
52
52
48
99
47
46
46
48
98
44
49
51
44
44
110
47
47
73
50
49
103
46
55
77
62
55
161
92
182
201
72
90
57
66
70
111
76
62
57
66
63
100
131
110
56
212
158
211
155
204
205
198
397
293
328
424
463
544
527
595
578
331
321
240
336
436
333
333
412
334
299
269
356
259
303
168
208
265
276
238
302
310
295
259
259
274
349
303
247
244
330
311
298
309
339
334
373
251
553
617
290
43
716
143
216
300
333
264
270
215
287
326
313
223
228
174
134
213
220
237
276
179
265
169
111
64
677
874
212
368
216
49
611
54
281
297
269
75
368
205
159
467
85
55
352
843
532
768
856
591
757
614
479
505
737
430
267
691
404
613
639
583
586
643
649
690
691
695
776
748
769
788
722
815
799
772
805
901
836
835
786
825
831
846
920
906
852
883
835
769
831
814
878
864
920
952
926
858
855
882
925
933
932
919
894
900
878
920
911
912
895
935
905
943
881
867
899
921
904
923
921
924
919
928
953
952
950
952
943
959
942
957
960
966
965
957
965
957
959
970
966
943
954
932
934
960
958
975
939
944
967
962
967
975
972
984
970
933
943
922
974
969
961
922
935
950
895
903
917
937
938
928
936
948
934
923
937
924
899
896
862
895
883
646
719
681
600
557
661
368
568
456
203
212
115
101
154
75
252
220
227
60
52
53
54
60
53
50
49
49
48
48
45
49
46
47
45
47
45
48
48
44
41
208
64
315
157
41
45
51
46
46
44
44
47
45
44
45
45
45
45
45
47
46
47
46
45
46
47
45
47
50
51
47
47
46
95
49
48
235
37
46
44
48
45
46
47
44
46
45
48
45
48
47
46
47
50
48
48
48
47
48
266
46
59
46
48
49
47
47
48
52
47
45
50
46
125
44
75
57
51
47
49
50
52
51
60
49
63
53
56
49
56
58
153
51
51
47
89
47
46
45
48
440
44
49
49
60
49
50
48
47
80
48
50
307
50
68
62
67
60
185
104
116
150
90
67
68
135
61
78
69
72
96
58
125
150
213
159
163
229
267
146
168
132
215
358
359
233
468
573
493
547
517
578
356
303
271
265
400
364
439
354
399
270
321
305
161
180
148
236
291
217
341
243
216
241
256
241
250
270
307
201
247
228
224
310
292
306
352
406
466
166
634
471
437
720
560
296
225
288
261
140
226
208
273
202
274
214
238
258
171
171
191
211
117
271
210
120
69
102
868
221
366
219
92
669
59
257
132
294
141
373
225
130
447
85
56
316
829
524
805
832
617
670
570
464
375
713
322
256
717
480
636
658
617
611
650
629
583
710
729
755
721
762
712
800
848
788
754
861
904
858
829
828
830
892
875
860
894
879
880
794
798
842
874
877
897
943
948
927
848
879
886
880
920
894
924
923
929
884
919
927
879
884
915
908
928
867
887
928
945
912
904
914
927
933
917
940
964
911
941
960
954
958
938
959
955
949
961
966
968
965
958
965
946
958
949
974
952
952
957
936
965
952
969
979
982
965
985
959
944
935
980
968
962
938
964
952
907
945
905
910
938
927
944
926
933
931
934
930
927
875
871
859
851
843
712
662
736
620
590
641
373
639
480
349
343
408
338
191
256
274
326
319
233
125
47
45
45
44
47
46
45
46
44
44
45
46
42
44
41
44
45
47
46
55
37
141
234
39
46
45
43
44
45
45
43
44
44
44
44
46
43
44
44
44
44
45
47
48
46
45
44
44
45
46
46
45
45
40
42
308
45
45
44
46
44
47
45
45
45
45
45
46
46
45
45
45
45
46
47
45
45
40
237
46
47
46
44
48
45
45
44
49
50
45
48
49
47
50
50
47
48
48
47
46
48
48
48
48
47
49
46
53
46
47
48
59
48
49
46
55
48
44
46
46
146
43
54
51
118
51
49
47
47
65
49
52
420
50
56
52
57
54
83
61
104
102
133
61
70
161
61
70
60
61
63
55
126
187
203
163
124
201
259
77
191
131
206
296
306
181
413
596
439
607
517
556
347
285
256
185
386
372
438
287
435
247
309
278
161
134
120
250
280
227
360
244
226
251
249
249
262
291
318
188
259
235
240
317
297
332
317
424
443
267
642
495
462
692
557
236
249
285
306
201
257
261
263
174
224
216
269
237
215
249
221
200
313
182
185
147
67
124
868
772
248
250
60
150
171
152
140
284
206
369
123
195
495
108
67
313
823
536
808
816
616
662
571
467
386
716
334
266
725
448
641
653
606
616
638
633
627
695
667
745
743
758
696
787
843
776
743
836
905
860
840
815
796
865
865
850
911
883
882
796
788
827
876
864
898
943
946
926
838
885
904
902
936
908
910
904
908
875
933
918
906
916
920
929
944
891
898
931
927
917
948
920
921
935
949
933
955
943
958
952
948
951
948
967
965
961
962
957
967
971
967
945
957
933
936
960
958
974
940
942
965
962
971
973
971
985
966
945
945
931
967
968
963
941
950
937
910
903
924
932
935
934
932
944
933
927
934
923
897
890
857
896
880
624
762
712
673
639
712
670
417
598
519
526
492
504
486
372
326
366
331
204
119
49
49
45
42
47
46
43
47
43
44
45
45
42
42
41
43
45
48
42
54
36
106
228
46
45
46
43
44
45
46
43
44
44
44
44
44
44
44
43
44
44
44
48
47
46
45
45
43
44
45
45
45
46
40
42
325
45
45
44
46
44
47
45
45
46
46
45
46
46
45
45
45
46
47
46
44
44
46
163
46
51
45
45
47
44
47
46
50
45
45
46
45
53
45
70
45
49
48
47
46
46
48
47
48
51
52
48
51
49
46
48
61
48
49
45
57
45
44
45
46
347
43
53
55
141
48
49
48
45
76
48
49
259
50
57
58
60
51
70
53
77
62
112
108
55
73
67
132
58
54
53
51
61
76
184
185
127
107
158
252
58
163
125
228
325
340
139
466
599
444
561
495
579
335
286
278
175
364
367
428
278
436
228
301
279
153
148
124
249
277
228
361
245
221
241
250
238
242
248
308
212
257
243
220
319
294
283
340
415
449
69
632
485
459
660
556
250
221
272
272
161
222
248
285
154
232
192
290
263
195
239
191
175
274
160
188
126
69
150
867
752
257
239
59
171
173
163
148
276
222
372
122
199
492
134
54
323
835
520
785
858
632
743
620
479
515
732
442
270
699
405
611
639
586
583
646
648
696
693
708
781
740
772
797
711
809
797
781
808
906
829
834
787
827
827
845
922
906
839
886
838
778
816
811
880
865
927
946
926
893
866
905
922
937
933
914
883
882
879
912
913
910
892
924
911
943
901
893
898
919
919
912
939
914
923
930
950
944
951
945
957
959
947
954
951
969
966
963
961
955
972
971
969
962
961
955
942
974
942
977
938
949
961
969
962
975
973
977
977
934
937
956
981
970
959
880
958
960
934
942
917
943
920
915
923
948
936
929
942
916
900
892
854
912
844
815
804
667
667
630
620
605
346
592
404
385
399
253
338
370
235
312
360
255
97
54
45
46
46
45
47
45
45
46
44
44
45
46
42
45
42
45
45
47
48
51
42
66
224
47
45
45
43
44
45
46
43
45
44
44
44
44
43
44
43
45
44
45
47
47
46
45
44
44
44
45
45
45
45
40
42
295
46
45
44
46
44
47
45
46
46
45
45
46
46
45
46
46
45
46
46
45
45
39
251
46
49
46
44
47
46
45
44
49
48
45
46
46
55
47
60
45
50
48
48
47
46
49
47
47
56
52
50
47
69
48
53
50
47
49
50
51
44
45
47
48
369
40
51
47
46
184
47
43
51
50
50
142
46
52
56
55
49
57
52
57
108
111
108
53
72
66
135
58
55
53
51
60
84
180
191
127
107
167
255
58
168
118
230
328
345
154
463
600
448
563
498
570
352
294
258
219
391
375
447
318
427
272
319
276
175
146
120
265
257
236
355
201
239
265
271
324
228
316
286
280
256
318
323
295
316
294
252
408
433
320
641
489
451
571
549
69
321
329
282
298
387
335
206
302
226
273
221
179
238
229
256
208
314
230
179
170
68
93
849
853
273
324
137
88
348
229
91
266
277
301
398
154
328
238
204
457
859
648
715
893
565
821
691
458
502
747
515
225
580
361
560
627
574
568
646
652
694
689
683
766
752
761
745
766
828
788
751
814
896
858
850
789
807
840
857
875
906
893
888
833
718
794
879
837
919
906
952
943
864
854
750
877
917
899
915
891
938
821
895
911
914
914
931
919
949
872
857
919
918
930
920
924
932
931
937
948
943
929
948
942
943
953
949
959
943
963
956
964
952
965
967
960
966
960
956
950
948
954
966
935
951
958
972
980
980
970
987
962
950
941
959
965
965
960
952
954
931
924
909
926
934
931
937
929
943
933
929
936
929
888
884
857
856
865
688
672
672
584
555
628
272
590
405
205
243
161
92
232
185
306
204
210
62
48
51
51
54
56
50
49
49
47
47
45
49
47
47
44
46
44
47
48
44
39
241
47
387
183
36
45
51
46
45
44
44
44
44
45
45
44
44
45
44
45
45
46
46
45
45
44
45
46
46
46
46
45
44
46
40
42
270
48
45
45
45
44
47
44
45
46
45
45
46
46
45
46
46
45
46
46
45
46
39
262
46
47
47
44
48
45
46
44
48
49
44
49
49
45
50
50
48
47
48
46
45
48
48
48
48
47
48
45
53
46
48
47
57
47
49
45
58
46
44
45
46
154
44
57
55
165
49
49
49
48
67
47
53
375
52
57
53
57
53
61
55
81
142
56
56
56
89
66
127
55
52
54
54
93
83
123
102
73
119
187
256
60
192
123
215
325
323
177
444
594
462
565
505
566
343
290
221
289
408
371
434
381
363
273
287
324
160
240
176
212
284
221
266
297
262
245
242
259
272
323
326
263
351
326
270
337
300
299
265
428
403
64
632
473
451
697
557
253
251
289
306
201
273
257
270
170
227
205
278
246
208
250
207
184
300
167
188
132
71
162
864
715
247
220
60
320
77
167
106
224
286
384
151
224
489
147
55
352
840
533
758
856
612
760
623
482
510
736
429
267
702
403
625
642
595
602
640
640
667
691
667
756
745
762
714
783
838
776
753
830
902
861
844
804
798
853
862
854
913
886
882
800
779
820
876
854
906
939
948
928
845
880
899
896
932
904
915
907
911
879
935
919
905
915
921
927
944
890
897
931
927
916
946
920
922
934
948
932
955
943
957
950
948
949
948
967
964
961
961
957
967
972
967
947
958
934
935
960
958
974
940
943
965
961
971
973
971
985
966
945
944
936
966
966
962
940
950
935
909
901
922
932
933
936
930
943
933
929
933
925
892
882
851
853
838
648
702
641
588
530
671
512
416
575
399
387
441
392
402
299
319
318
301
185
110
49
48
45
42
47
46
43
47
43
44
45
45
42
42
41
42
45
47
42
54
36
114
228
43
45
45
43
44
44
45
43
44
44
44
45
45
43
44
44
44
44
45
47
47
46
44
44
43
45
46
46
45
45
41
42
277
45
45
44
45
44
46
45
44
45
44
46
46
46
46
45
44
45
47
46
45
43
51
52
45
50
45
45
48
45
46
45
50
47
45
46
46
54
48
58
44
49
47
48
46
47
48
49
47
48
50
47
53
47
46
47
64
48
50
44
58
46
44
45
46
73
41
50
53
48
46
199
48
43
53
48
49
100
46
52
59
55
50
58
53
57
113
109
104
54
66
68
113
60
54
54
51
58
80
196
196
140
118
181
257
58
184
127
206
325
322
177
428
586
446
601
512
545
348
277
201
244
396
384
420
259
438
219
283
262
195
135
106
276
259
247
346
188
237
262
263
315
232
311
290
264
260
279
284
302
292
330
302
414
459
239
631
477
453
683
562
266
244
290
295
186
272
240
291
160
230
192
285
262
192
235
189
167
268
163
188
124
72
154
865
743
249
239
59
160
184
150
146
272
221
372
120
203
494
133
54
325
835
521
781
857
623
743
620
478
518
732
443
272
704
405
613
638
588
586
645
647
693
691
702
779
742
771
792
716
810
797
778
806
903
832
833
785
825
829
844
921
907
842
885
837
776
820
807
878
863
922
948
925
885
864
901
922
935
932
914
886
889
879
915
913
910
889
928
912
943
898
888
900
920
919
915
934
916
925
931
953
949
953
950
954
961
943
957
954
968
967
961
963
958
968
972
969
954
962
943
942
971
951
977
935
952
968
965
963
976
973
981
975
931
941
941
978
973
961
902
946
959
919
927
915
943
930
921
930
948
935
921
938
913
906
896
863
913
867
721
787
688
664
582
666
544
401
547
302
280
301
164
332
291
275
286
345
215
94
51
45
46
45
45
46
43
45
46
44
43
44
45
41
48
43
45
46
46
50
46
49
66
237
38
45
44
43
43
44
45
44
44
44
44
43
45
43
44
44
44
44
45
47
47
45
44
44
43
44
46
46
45
46
40
42
285
45
45
45
45
44
46
44
45
46
46
45
46
46
45
45
45
45
46
46
44
45
40
269
45
51
45
44
46
44
46
45
50
49
45
46
46
54
47
60
44
49
50
47
47
46
47
47
49
55
53
49
47
57
47
50
51
46
50
50
51
43
45
45
49
387
37
51
52
46
146
48
43
50
49
49
113
46
52
60
54
51
61
53
56
100
103
101
53
65
65
129
59
55
53
51
59
86
178
193
127
109
169
254
57
169
117
232
329
346
161
463
598
456
558
499
569
354
294
226
276
407
404
446
375
407
319
346
279
210
175
146
259
242
225
361
228
254
279
255
321
220
331
279
231
220
288
311
306
273
280
254
403
425
329
639
497
431
494
553
56
327
363
284
349
445
324
192
317
243
289
240
163
233
216
254
220
294
298
182
204
120
161
863
712
240
222
59
297
95
170
96
221
362
345
351
203
366
215
282
378
847
554
742
866
611
775
631
481
515
737
437
265
699
405
627
645
593
609
633
633
628
694
669
745
737
759
689
788
848
777
742
846
907
858
833
824
802
880
868
850
909
882
882
799
789
830
879
853
914
930
952
931
863
876
866
863
909
891
923
926
932
878
913
923
881
885
912
911
928
867
891
932
947
914
903
916
927
934
923
945
967
920
944
960
960
966
943
964
956
955
962
963
974
963
957
972
928
960
942
973
954
969
952
949
968
960
966
978
973
969
984
959
936
940
981
969
964
921
968
955
897
950
920
918
931
937
939
932
927
944
931
917
924
885
881
819
920
914
764
772
791
734
712
736
595
639
497
542
430
377
434
386
307
273
364
308
241
126
45
46
46
45
47
45
45
46
44
44
45
46
42
44
41
44
45
47
46
56
37
169
245
41
45
45
43
44
45
45
42
44
44
44
44
44
45
44
43
44
45
44
48
48
46
45
45
44
45
45
44
45
47
39
43
292
45
45
44
46
44
48
45
46
47
46
46
46
46
44
45
46
47
45
47
46
47
40
239
44
45
49
44
49
46
47
46
48
51
45
48
46
44
47
44
61
48
48
47
45
47
47
47
50
47
51
47
52
46
53
47
54
47
48
47
53
49
44
46
46
50
42
45
52
50
45
179
49
43
58
47
48
96
47
52
59
54
51
58
53
56
106
101
111
53
77
65
141
57
54
54
52
70
73
144
141
92
119
200
262
86
188
125
205
294
296
177
410
594
440
588
506
564
351
298
228
253
404
386
453
378
381
312
363
309
224
217
146
221
278
185
349
315
268
248
217
239
293
309
360
211
323
283
253
337
293
288
306
423
441
63
636
489
461
659
551
127
282
282
326
217
268
270
243
189
218
221
256
228
214
248
223
198
313
178
179
143
69
136
865
753
241
239
59
203
137
154
120
286
191
363
149
175
478
86
65
377
847
552
741
865
603
784
648
486
526
743
480
253
665
379
599
632
574
581
640
648
692
687
681
769
749
765
749
764
830
786
757
819
896
860
848
788
807
839
859
867
911
891
884
815
755
801
878
840
918
927
953
932
859
875
885
880
925
897
921
914
917
884
936
922
899
908
920
923
942
888
897
929
927
914
943
921
922
934
948
930
955
943
957
949
948
948
944
967
963
960
960
957
965
971
966
943
955
931
936
958
957
973
940
942
961
964
973
973
970
986
963
946
943
950
964
965
961
945
952
929
920
906
920
934
924
941
923
938
932
931
930
921
883
868
832
805
804
670
654
592
578
423
540
162
565
294
129
193
62
108
175
143
259
191
221
57
48
50
54
59
62
48
50
49
49
48
46
48
48
47
46
48
48
48
49
44
44
116
193
317
135
44
44
51
46
46
45
44
44
45
45
45
44
45
45
45
46
47
48
46
45
48
46
49
46
45
47
47
48
47
46
47
238
48
42
46
46
46
47
44
46
48
46
47
46
49
45
46
46
49
46
48
46
50
42
204
42
44
50
45
51
46
48
46
48
52
45
48
47
46
48
46
61
50
48
48
46
47
49
48
51
48
57
51
54
46
69
48
64
48
49
48
58
52
44
46
45
50
317
40
50
48
46
132
47
45
53
49
49
120
48
52
60
53
56
59
57
67
112
150
88
68
64
116
60
76
71
67
108
60
97
161
229
147
167
217
267
117
168
134
187
354
347
253
488
550
497
536
541
583
353
304
303
276
408
320
334
386
356
252
195
329
152
261
182
196
287
240
197
243
208
271
279
246
267
300
322
240
256
329
284
312
299
306
266
400
298
360
646
316
43
735
321
226
243
282
189
170
160
237
280
286
268
215
205
196
191
170
192
233
115
267
209
116
68
82
861
629
268
199
60
425
56
176
114
224
306
376
184
192
448
165
135
306
818
535
821
818
628
638
572
461
374
709
336
260
728
461
641
651
607
612
644
634
645
695
667
754
743
766
742
763
828
791
765
811
898
841
836
781
824
834
845
920
903
850
881
832
766
838
826
883
866
926
951
926
878
857
895
926
936
932
914
889
893
880
916
914
909
889
926
912
942
901
889
900
919
921
914
939
915
924
932
951
946
953
947
956
959
946
956
953
968
967
963
961
956
971
972
969
961
962
951
943
973
944
978
937
952
964
968
962
976
973
980
977
936
939
951
980
972
960
892
958
962
930
940
918
944
925
918
924
949
936
924
941
912
903
893
859
914
862
800
812
676
695
633
653
631
330
613
444
405
468
295
387
401
249
345
393
268
128
50
46
45
45
47
47
43
46
46
44
43
45
45
42
47
45
45
46
46
52
48
48
120
230
39
44
43
43
44
45
47
45
44
44
44
47
44
43
44
45
43
44
46
48
46
45
44
44
44
46
45
46
43
46
41
44
211
46
46
44
46
45
46
45
44
45
44
47
46
46
45
45
44
45
47
46
44
43
49
70
46
49
46
45
48
45
46
44
49
48
45
46
46
54
48
63
45
49
47
47
46
46
48
47
48
56
51
48
46
57
47
51
50
48
48
53
51
43
45
46
49
408
38
51
51
46
175
47
43
52
49
48
90
50
51
58
51
58
55
54
61
68
94
58
59
54
83
66
136
57
54
55
53
69
75
146
152
94
126
211
266
107
150
107
224
339
363
183
498
598
492
516
492
593
339
305
300
251
397
327
365
367
368
258
271
321
163
224
156
217
282
204
325
281
229
251
266
244
291
306
351
200
294
245
246
311
301
317
326
416
459
135
630
441
403
720
553
297
215
283
251
135
228
193
270
204
276
214
227
251
168
168
189
214
117
266
209
115
68
117
865
212
360
214
88
666
57
246
133
293
137
370
243
134
445
86
58
313
825
528
803
814
602
657
560
462
349
709
308
237
709
481
629
659
618
609
647
628
582
708
746
758
712
760
715
809
847
790
761
862
898
856
825
827
841
894
878
875
871
880
875
797
800
848
866
889
869
952
938
922
826
889
906
902
934
904
916
910
915
884
936
924
892
894
918
912
933
892
895
923
940
903
902
917
938
935
929
944
968
943
938
953
956
959
945
968
962
961
958
957
978
962
963
974
925
960
934
968
943
972
947
948
957
967
965
978
965
968
981
949
922
961
981
962
958
834
970
950
873
936
905
932
905
929
938
934
916
950
937
918
905
880
847
881
693
737
715
735
616
617
443
556
317
441
210
166
100
173
96
159
153
145
189
249
51
52
57
76
50
74
44
49
46
48
46
46
47
45
45
42
44
45
47
46
41
158
37
358
247
44
44
46
50
46
46
45
44
43
45
45
44
44
46
45
46
46
46
47
46
44
46
46
48
46
46
46
47
48
46
51
47
303
50
42
46
47
46
47
43
46
47
46
48
46
48
45
45
46
50
47
49
47
52
45
92
45
45
56
46
47
48
47
47
48
51
49
45
49
48
105
44
61
54
52
48
50
48
50
49
50
51
57
63
55
54
100
55
137
48
53
46
118
46
45
45
48
495
42
50
50
50
54
49
47
50
83
48
54
389
51
61
56
59
59
150
99
104
162
90
60
69
92
67
81
60
54
66
93
165
99
150
142
161
95
217
291
241
249
205
332
339
296
305
552
542
590
519
522
524
283
287
327
383
412
420
281
487
195
274
246
241
210
221
267
239
219
329
255
289
289
237
323
229
308
282
233
228
265
278
304
253
311
280
406
446
292
635
487
454
624
549
85
318
325
278
306
408
328
195
309
237
287
243
161
218
215
249
227
288
299
195
188
138
99
849
851
269
324
136
85
342
228
86
259
286
308
391
156
335
230
223
443
857
626
715
886
566
817
693
458
489
745
491
216
542
355
536
623
576
571
647
663
706
686
757
795
732
769
805
699
807
797
770
805
896
843
839
779
825
835
847
895
895
897
884
835
708
786
873
832
919
907
954
939
873
872
813
853
899
891
922
926
933
879
916
926
880
884
915
909
930
892
895
924
938
903
912
920
935
936
944
938
963
948
944
939
954
940
948
968
964
964
952
954
972
970
966
955
961
940
943
969
954
972
936
944
964
961
969
974
971
984
966
938
946
928
968
966
961
932
944
934
900
894
915
931
931
936
929
941
933
930
931
921
887
872
836
820
813
635
668
577
572
416
565
189
564
314
131
174
69
80
70
200
122
159
170
241
53
53
57
107
55
49
49
49
48
47
46
49
48
46
45
47
46
48
49
44
42
161
95
299
142
42
44
50
45
45
44
43
48
46
44
45
44
44
45
44
46
46
47
46
46
48
48
45
46
49
51
46
47
45
51
45
50
209
40
48
44
50
46
46
50
47
46
45
47
46
46
45
47
48
48
49
46
49
46
81
47
46
80
48
46
51
47
47
49
53
46
45
49
46
111
43
68
58
53
48
50
50
53
50
53
50
57
61
55
52
99
49
59
51
48
50
48
54
45
45
47
47
589
36
57
88
112
128
47
44
51
49
49
117
48
51
58
51
57
54
53
59
74
96
60
60
55
76
69
118
59
56
56
53
69
73
154
187
101
126
212
278
61
188
143
192
345
331
234
409
573
455
586
503
553
353
283
243
205
391
376
432
282
434
246
301
269
168
119
99
270
273
265
278
144
253
236
284
335
188
334
285
226
217
283
311
307
295
278
253
402
422
326
631
494
445
589
549
81
317
315
275
289
386
327
198
300
230
280
230
169
226
211
253
220
288
301
191
194
135
83
843
857
271
328
158
51
402
241
164
202
373
343
328
197
366
212
288
363
845
556
747
876
618
783
648
482
539
740
491
253
666
381
590
631
577
573
646
650
702
690
721
785
735
771
803
698
804
797
783
806
906
825
833
787
827
822
844
920
905
836
886
840
777
803
801
874
869
925
941
926
902
869
911
917
937
934
915
879
876
881
908
914
910
894
919
914
942
909
896
899
920
924
912
943
913
923
931
950
943
952
945
957
959
946
954
951
968
966
962
959
955
971
971
968
959
961
950
942
973
943
977
936
950
963
967
962
976
973
979
976
932
939
952
980
972
960
891
951
959
927
934
916
943
925
917
927
948
936
923
938
913
905
895
860
912
853
741
784
671
647
578
642
515
449
505
184
202
159
109
218
172
285
223
219
77
49
52
49
50
49
52
47
48
44
47
44
44
45
45
42
42
41
43
45
46
41
57
36
145
229
46
45
45
43
44
44
45
42
44
44
44
44
44
43
44
44
44
44
45
47
47
46
44
44
44
44
45
45
45
44
41
41
274
45
44
44
46
44
47
45
45
46
45
44
45
45
45
46
44
45
46
46
44
45
42
212
45
51
45
45
46
44
45
45
48
46
45
46
45
54
45
60
46
49
48
47
48
45
49
47
47
53
49
47
46
55
47
51
49
48
48
54
50
43
45
47
48
430
38
50
52
46
159
47
43
51
49
49
124
46
52
56
53
51
56
52
54
88
105
81
56
60
68
59
88
55
50
53
55
100
183
64
109
147
138
208
243
176
136
166
337
278
208
335
473
506
637
501
498
496
222
278
225
329
371
416
275
429
225
269
267
314
285
393
198
156
176
336
306
243
358
329
317
259
320
271
288
210
276
255
309
307
305
350
345
360
241
557
612
288
42
716
159
205
289
312
227
237
205
286
313
307
220
211
171
131
204
213
236
272
192
259
148
120
61
765
872
217
354
194
46
518
94
317
314
177
99
373
237
130
433
96
87
310
816
550
819
788
608
603
554
455
264
694
288
173
675
520
616
664
629
605
667
629
599
707
751
767
699
757
736
835
844
798
784
867
888
849
821
823
846
892
878
894
843
889
868
794
796
843
859
898
856
955
927
919
810
903
919
911
944
923
896
896
904
870
930
916
905
914
919
925
942
890
899
929
933
908
922
923
935
937
945
941
965
947
938
943
956
948
950
970
968
967
958
956
977
964
967
974
939
964
937
970
936
975
951
946
955
973
964
977
967
972
979
945
923
964
982
961
955
828
969
953
901
937
904
937
910
924
934
938
916
948
938
918
901
879
842
885
671
746
712
721
615
627
482
560
330
472
216
197
117
194
102
221
196
173
131
231
50
52
51
54
49
54
47
48
45
47
44
45
45
45
43
42
41
42
45
47
39
56
36
134
226
56
44
45
43
44
46
46
43
45
44
44
44
43
44
43
43
44
44
44
47
48
45
45
45
43
44
44
44
45
44
41
43
189
51
46
45
46
44
47
45
46
46
46
45
46
46
45
45
48
44
46
46
46
46
41
209
43
44
48
44
48
45
45
44
46
48
43
47
45
44
46
43
71
49
47
47
45
46
47
47
48
47
49
45
49
46
54
46
50
47
46
47
51
49
44
46
45
47
48
37
51
53
46
154
48
43
51
49
48
82
50
50
58
51
57
54
52
56
66
75
56
55
57
83
63
115
54
51
53
54
92
97
110
83
155
102
153
240
56
169
112
233
320
335
139
467
604
456
529
482
587
319
293
286
214
365
337
333
333
387
227
170
308
119
242
170
188
286
237
180
233
200
256
275
240
255
287
312
237
265
312
256
317
291
272
282
422
399
62
630
477
456
685
551
198
264
281
314
207
249
266
230
176
209
227
247
220
222
240
242
192
316
225
177
171
66
80
843
860
269
331
144
56
356
243
105
191
361
362
265
181
410
174
238
302
825
520
795
830
629
690
582
467
420
718
352
266
723
425
637
648
600
613
640
632
648
691
663
751
741
761
707
782
838
774
753
829
900
860
845
797
801
844
860
863
912
888
884
808
763
809
878
844
915
930
951
929
855
877
888
883
925
898
920
913
918
885
937
922
898
905
919
921
941
889
898
930
930
912
936
923
927
936
950
933
959
946
952
942
953
945
950
968
965
964
958
955
971
972
968
956
961
942
939
967
957
976
937
946
969
960
967
975
971
984
968
938
944
923
972
967
961
924
936
941
889
893
912
931
933
927
933
944
933
929
931
919
897
885
854
867
806
650
724
606
569
488
609
373
536
441
132
172
113
136
200
160
284
172
191
60
47
49
51
56
64
47
50
49
48
47
46
48
47
46
45
49
48
48
48
43
46
90
47
373
177
36
45
51
46
45
44
44
45
45
44
45
45
44
45
45
45
46
46
46
44
44
46
46
46
49
49
49
46
47
51
47
45
278
41
42
43
48
44
46
45
45
46
45
46
44
47
46
45
46
48
46
46
44
43
49
54
44
50
43
46
47
44
43
43
48
49
44
45
48
49
50
54
44
49
46
47
45
48
48
49
48
47
49
45
53
46
49
47
54
47
48
46
54
48
44
46
46
48
203
45
52
48
46
193
47
43
51
49
48
101
47
51
58
52
54
56
53
56
74
96
59
56
57
80
65
122
55
52
55
53
85
77
126
116
80
116
194
259
85
186
127
196
276
287
196
374
589
447
631
530
537
343
280
210
165
378
360
404
239
434
208
275
251
206
189
194
252
213
202
323
276
294
287
242
322
226
309
282
230
239
257
271
298
273
327
306
407
455
186
625
452
415
711
553
294
204
274
239
123
209
198
265
191
265
199
238
257
156
171
177
163
129
259
177
116
77
111
856
342
317
195
71
639
59
170
118
286
187
360
126
158
470
86
93
382
846
564
734
873
628
784
656
484
531
737
462
258
690
390
614
637
596
595
646
639
690
691
691
770
739
770
766
748
822
791
766
809
896
840
832
779
826
835
844
919
899
857
877
830
759
843
834
883
874
925
952
928
855
839
868
926
934
933
922
895
922
879
926
910
912
897
932
911
939
892
856
906
927
914
928
919
928
915
937
958
955
952
954
934
955
945
956
969
963
967
956
965
955
958
967
967
949
952
946
932
955
957
977
940
944
973
959
971
973
972
986
970
950
951
933
969
972
964
948
956
945
927
921
928
935
944
929
932
947
935
915
933
927
886
897
850
923
930
637
813
756
733
762
780
749
590
598
536
557
488
479
443
361
270
389
300
232
134
48
48
44
43
47
47
43
47
43
43
44
45
43
42
42
42
45
47
39
57
37
143
259
59
44
45
43
44
47
46
43
44
44
44
44
43
45
44
43
43
44
44
48
48
46
44
45
41
44
44
44
45
45
41
42
71
52
45
48
43
47
46
46
44
44
45
44
46
45
46
45
46
45
45
47
46
46
43
53
47
45
51
44
45
45
44
45
47
49
44
45
47
45
51
43
83
46
49
50
47
47
45
48
47
48
54
51
51
45
60
47
53
47
47
48
50
50
43
46
46
47
49
37
50
51
46
141
47
43
49
50
49
142
46
52
58
54
51
59
53
56
95
116
65
56
64
108
55
66
58
59
59
55
121
153
154
167
104
172
248
71
164
108
212
283
284
126
431
599
424
560
490
575
315
285
266
182
341
353
387
281
420
220
233
284
118
223
166
205
271
179
331
301
251
254
215
231
288
304
347
190
275
239
235
322
290
299
332
408
459
111
622
435
395
710
556
296
200
272
232
114
183
200
265
199
276
207
227
245
165
161
179
212
115
266
209
112
63
111
868
210
366
212
81
663
56
254
130
289
129
367
215
116
438
78
57
301
825
516
800
837
634
673
582
461
401
710
336
252
724
467
640
652
620
618
650
626
588
709
730
758
711
769
708
805
851
786
770
864
901
858
822
828
835
896
875
874
874
878
876
799
804
855
870
885
879
949
941
919
825
889
899
900
931
898
921
913
919
889
933
926
887
886
915
909
927
888
893
927
946
907
900
916
933
934
925
946
969
929
943
958
960
967
945
966
957
955
961
962
975
962
956
972
929
959
942
973
954
967
954
948
971
961
966
977
974
969
985
960
947
945
980
972
966
937
970
963
914
960
948
935
940
944
945
932
931
952
931
901
921
882
886
860
910
898
803
811
796
736
724
745
538
649
489
555
449
376
433
556
269
297
372
370
269
89
47
46
45
44
47
45
44
45
43
44
45
47
41
44
41
44
45
48
46
54
37
129
239
41
45
45
43
44
45
46
43
45
44
44
44
44
44
44
43
44
44
44
47
48
46
45
45
43
45
45
44
45
45
40
42
266
44
44
43
48
44
48
45
46
46
47
45
46
46
45
44
47
47
45
47
45
48
41
196
42
44
49
44
48
44
45
45
47
50
44
47
47
46
47
42
93
49
48
48
46
47
46
47
48
48
53
50
51
45
58
47
53
47
46
48
50
50
44
46
46
47
47
38
51
50
46
171
48
42
51
50
49
141
46
51
56
55
49
58
51
58
87
80
80
54
58
63
57
73
55
51
52
53
86
96
109
83
156
99
209
259
178
170
112
232
311
320
130
457
603
444
539
485
581
324
291
277
204
359
347
383
318
398
234
236
307
124
224
164
205
288
194
233
252
193
229
277
241
256
269
315
225
282
303
254
340
293
301
256
412
397
59
640
501
460
692
551
225
250
279
298
190
238
256
253
161
218
209
266
236
208
244
214
182
308
176
182
135
63
120
867
767
254
231
59
209
109
173
122
285
187
360
122
159
472
85
104
312
810
559
823
785
613
605
561
456
305
698
304
212
709
479
635
655
615
617
641
625
598
699
690
746
729
761
686
787
847
773
739
841
905
857
834
820
797
874
865
856
906
880
881
794
792
836
875
869
894
944
944
921
831
888
905
905
936
907
911
903
909
878
935
918
905
916
920
927
944
890
897
930
926
915
944
921
923
936
949
932
957
944
955
945
952
946
949
968
964
963
958
955
970
971
967
954
960
939
939
967
956
975
937
946
968
960
967
974
971
984
969
937
945
923
972
968
961
922
935
941
888
892
910
931
933
925
933
944
933
930
930
917
896
883
853
866
792
647
727
594
565
484
588
348
538
409
106
167
103
131
199
162
285
178
198
59
48
49
52
57
62
47
50
48
48
47
46
48
47
47
45
49
48
48
48
43
46
101
179
332
133
43
44
50
47
46
45
43
44
45
45
45
44
45
44
44
45
46
49
46
44
44
44
47
45
46
48
45
48
45
45
44
56
94
42
45
43
46
45
46
44
44
44
43
44
45
46
46
46
44
45
47
46
46
44
53
46
44
51
45
45
46
44
46
47
48
43
45
46
45
51
45
68
45
50
46
47
45
46
48
47
47
51
50
47
50
49
46
48
59
48
49
45
55
45
44
45
46
384
42
56
54
146
48
49
47
46
66
47
49
268
50
56
56
58
51
63
53
72
61
109
104
54
80
63
134
56
53
53
51
62
73
153
160
107
94
202
264
129
155
107
229
328
341
158
458
595
453
560
496
561
344
288
221
223
392
372
440
291
430
246
301
270
159
120
107
250
269
233
357
232
234
270
231
259
267
274
327
256
324
255
259
289
309
317
298
419
440
61
631
476
456
674
552
248
240
282
290
181
266
236
281
157
227
182
278
256
180
220
174
151
220
176
178
109
77
179
859
587
255
193
59
470
53
136
131
241
255
374
127
210
490
130
54
326
833
516
773
855
643
725
605
468
469
721
386
270
726
425
636
644
603
612
640
633
652
691
666
754
740
763
730
769
829
786
759
811
893
848
837
778
827
836
844
915
894
872
876
828
748
835
840
876
880
921
951
930
840
832
851
925
935
932
924
894
927
878
927
909
913
902
932
911
938
892
848
906
926
912
928
919
928
915
937
957
954
950
954
933
954
945
955
968
963
966
956
965
955
958
968
968
949
953
944
931
957
958
978
940
944
974
959
968
973
972
985
970
945
949
918
970
973
963
942
949
951
916
915
927
937
944
929
933
948
935
916
935
928
892
899
858
907
905
623
734
704
621
595
661
523
446
573
394
403
428
339
369
263
315
263
259
165
101
49
48
45
42
46
46
42
47
43
43
44
45
43
41
43
43
45
47
39
58
38
139
242
61
44
45
43
44
46
46
43
44
44
44
44
44
45
43
43
44
44
44
47
47
46
45
45
43
44
45
44
45
45
41
42
199
49
46
45
46
44
47
44
46
46
46
45
45
46
44
45
46
44
46
45
45
46
39
265
46
47
47
44
48
45
45
44
50
50
45
47
48
51
49
54
44
48
49
47
45
46
47
47
48
52
52
48
48
54
46
49
52
47
51
50
51
43
44
44
48
397
36
51
54
46
131
48
43
50
48
48
65
51
50
58
50
57
55
53
57
64
69
55
55
55
80
63
124
54
52
54
53
81
77
117
109
68
118
194
249
64
185
124
191
298
306
192
403
584
441
587
501
545
342
269
202
252
394
379
440
307
423
252
307
272
156
125
107
251
268
232
359
224
240
280
218
296
230
305
285
231
233
266
281
299
252
303
270
398
446
280
634
480
454
625
546
127
264
276
311
202
264
248
271
156
226
185
286
258
176
211
173
139
180
226
176
105
77
137
856
386
291
197
65
627
56
153
127
280
193
360
118
183
484
95
162
300
819
525
812
821
626
637
567
455
352
702
317
228
713
487
642
654
630
617
659
625
589
713
746
764
704
771
718
814
850
790
780
866
897
857
819
826
841
898
875
887
854
882
872
802
805
862
865
894
866
953
932
916
811
898
911
913
940
911
907
901
907
879
935
919
903
913
920
922
942
890
898
930
933
911
924
923
934
939
946
940
967
946
940
943
956
948
954
972
969
968
958
956
976
965
968
972
942
965
935
970
933
976
949
944
955
973
963
976
970
973
979
941
927
962
982
967
956
848
964
957
928
942
908
940
912
915
927
941
918
945
940
918
900
880
850
904
787
862
779
765
724
700
707
742
499
696
528
490
538
436
421
511
295
342
417
281
139
51
47
45
44
46
46
42
46
46
44
43
44
44
41
47
45
45
46
44
53
44
56
152
221
43
43
43
44
45
44
46
45
44
43
45
42
45
43
43
44
44
45
47
47
46
44
46
42
44
44
43
46
44
42
42
58
55
45
47
44
46
45
46
44
44
45
44
45
45
46
45
46
45
45
47
46
45
43
52
49
45
50
44
44
46
44
44
44
50
50
45
46
49
48
51
51
46
46
52
46
47
48
49
48
48
46
51
47
53
46
47
47
58
47
48
45
55
47
45
45
46
172
44
49
51
104
52
48
48
47
62
49
53
390
50
55
51
56
53
60
56
79
125
58
54
60
72
61
102
55
51
52
53
92
87
109
84
145
109
168
242
57
172
116
205
318
326
141
462
591
453
548
486
577
347
290
272
254
398
367
434
374
358
278
320
301
153
195
148
226
295
186
275
242
199
228
256
234
270
273
321
190
272
251
230
326
293
308
315
416
447
183
634
471
434
702
557
274
226
277
286
183
241
250
261
163
211
215
250
225
214
235
234
195
308
221
171
176
68
67
835
863
266
332
156
48
410
233
176
200
368
334
325
173
359
209
290
363
845
569
736
883
623
801
685
483
548
742
528
224
596
355
544
626
582
570
652
655
704
685
758
792
726
766
805
691
802
795
772
802
899
835
833
778
825
836
842
908
892
890
882
829
705
814
869
854
914
908
951
943
857
847
750
880
912
895
916
905
940
810
890
917
904
902
918
920
945
851
889
937
939
930
909
918
920
937
927
943
960
909
945
960
956
